EASI	3.0	01	616282781	01	878751106	20200804	081005	PST	P	856	020200804081005										
01	856	00	5.0	008431051000059378	20200804	081005	08431051	18172	SHAK1	SERGIO                        	9932 PROSPECT AVE SUITE 134   	                              	SANTEE                      	CA	92071	US 		UPSN		1ZX664500350375814	20200803
02	1	1	570616	00843105120781	ACS   	ACS022X	  BLACK	2XL	000	EA	1	HN	252849	0000							
02	2	2	570616	00843105120804	ACS   	ACS024X	  BLACK	4XL	000	EA	1	HN	252849	0000							
				0	0	#N/A	0	0			0	#N/A									
				0	0	#N/A	0	0			0	#N/A									
				0	0	#N/A	0	0			0	#N/A									
				0	0	#N/A	0	0			0	#N/A									
				0	0	#N/A	0	0			0	#N/A									
				0	0	#N/A	0	0			0	#N/A									
				0	0	#N/A	0	0			0	#N/A									
				0	0	#N/A	0	0			0	#N/A									
				0	0	#N/A	0	0			0	#N/A									
				0	0	#N/A	0	0			0	#N/A									
				0	0	#N/A	0	0			0	#N/A									
				0	0	#N/A	0	0			0	#N/A									
				0	0	#N/A	0	0			0	#N/A									
				0	0	#N/A	0	0			0	#N/A									
				0	0	#N/A	0	0			0	#N/A									
				0	0	#N/A	0	0			0	#N/A									
				0	0	#N/A	0	0			0	#N/A									
				0	0	#N/A	0	0			0	#N/A									
				0	0	#N/A	0	0			0	#N/A									
				0	0	#N/A	0	0			0	#N/A									
				0	0	#N/A	0	0			0	#N/A									
				0	0	#N/A	0	0			0	#N/A									
				0	0	#N/A	0	0			0	#N/A									
				0	0	#N/A	0	0			0	#N/A									
				0	0	#N/A	0	0			0	#N/A									
				0	0	#N/A	0	0			0	#N/A									
				0	0	#N/A	0	0			0	#N/A									
				0	0	#N/A	0	0			0	#N/A									
				0	0	#N/A	0	0			0	#N/A									
				0	0	#N/A	0	0			0	#N/A									
				0	0	#N/A	0	0			0	#N/A									
				0	0	#N/A	0	0			0	#N/A									
				0	0	#N/A	0	0			0	#N/A									
				0	0	#N/A	0	0			0	#N/A									
				0	0	#N/A	0	0			0	#N/A									
				0	0	#N/A	0	0			0	#N/A									
				0	0	#N/A	0	0			0	#N/A									
				0	0	#N/A	0	0			0	#N/A									
				0	0	#N/A	0	0			0	#N/A									
				0	0	#N/A	0	0			0	#N/A									
				0	0	#N/A	0	0			0	#N/A									
				0	0	#N/A	0	0			0	#N/A									
				0	0	#N/A	0	0			0	#N/A									
				0	0	#N/A	0	0			0	#N/A									
				0	0	#N/A	0	0			0	#N/A									
				0	0	#N/A	0	0			0	#N/A									
				0	0	#N/A	0	0			0	#N/A									
				0	0	#N/A	0	0			0	#N/A									
				0	0	#N/A	0	0			0	#N/A									
				0	0	#N/A	0	0			0	#N/A									
				0	0	#N/A	0	0			0	#N/A									
				0	0	#N/A	0	0			0	#N/A									
				0	0	#N/A	0	0			0	#N/A									
				0	0	#N/A	0	0			0	#N/A									
				0	0	#N/A	0	0			0	#N/A									
				0	0	#N/A	0	0			0	#N/A									
				0	0	#N/A	0	0			0	#N/A									
				0	0	#N/A	0	0			0	#N/A									
				0	0	#N/A	0	0			0	#N/A									
				0	0	#N/A	0	0			0	#N/A									
				0	0	#N/A	0	0			0	#N/A									
				0	0	#N/A	0	0			0	#N/A									
				0	0	#N/A	0	0			0	#N/A									
				0	0	#N/A	0	0			0	#N/A									
				0	0	#N/A	0	0			0	#N/A									
				0	0	#N/A	0	0			0	#N/A									
				0	0	#N/A	0	0			0	#N/A									
				0	0	#N/A	0	0			0	#N/A									
				0	0	#N/A	0	0			0	#N/A									
				0	0	#N/A	0	0			0	#N/A									
				0	0	#N/A	0	0			0	#N/A									
				0	0	#N/A	0	0			0	#N/A									
				0	0	#N/A	0	0			0	#N/A									
				0	0	#N/A	0	0			0	#N/A									
				0	0	#N/A	0	0			0	#N/A									
				0	0	#N/A	0	0			0	#N/A									
				0	0	#N/A	0	0			0	#N/A									
				0	0	#N/A	0	0			0	#N/A									
				0	0	#N/A	0	0			0	#N/A									
				0	0	#N/A	0	0			0	#N/A									
				0	0	#N/A	0	0			0	#N/A									
				0	0	#N/A	0	0			0	#N/A									
				0	0	#N/A	0	0			0	#N/A									
				0	0	#N/A	0	0			0	#N/A									
				0	0	#N/A	0	0			0	#N/A									
				0	0	#N/A	0	0			0	#N/A									
				0	0	#N/A	0	0			0	#N/A									
				0	0	#N/A	0	0			0	#N/A									
				0	0	#N/A	0	0			0	#N/A									
				0	0	#N/A	0	0			0	#N/A									
				0	0	#N/A	0	0			0	#N/A									
				0	0	#N/A	0	0			0	#N/A									
				0	0	#N/A	0	0			0	#N/A									
09	1	2	2	4	0																
EASX	020200804081005	1																			
																					
																					
																					
																					
																					
																					
																					
